46.36818303235162
-68.29098347899335
-39.7431114342782
25.976302893653177
38.69926568197848
-25.28484571896224
16.747368527536665
-99.80551989296491
-81.8080706036011
6.478639890898311
92.00768585394513
-15.760445587151427
-37.436673322108476
-85.43497865834225
-75.14891342884076
46.36818303235162
-68.29098347899335
-39.7431114342782
25.976302893653177
38.69926568197848
-25.28484571896224
16.747368527536665
-99.80551989296491
-81.8080706036011
6.478639890898311
92.00768585394513
-15.760445587151427
-37.436673322108476
-85.43497865834225
-75.14891342884076
